2083.200 179769313486231570814527423731704356798070567525844996598917476803157260780028538760589558632766878171540458953514382464234321326889464182768467546703537516986049910576551282076245490090389328944075868508455133942304583236903222948165808559332123348274797826204144723168738177180919299881250404026184124858368.000 179769313486231570814527423731704356798070567525844996598917476803157260780028538760589558632766878171540458953514382464234321326889464182768467546703537516986049910576551282076245490090389328944075868508455133942304583236903222948165808559332123348274797826204144723168738177180919299881250404026184124858368.000 0 0 0 0.000 2727 07:41:43
2083.200 2076.600 2088.200 1 1 0 0.000 2727 09:29:15
2083.200 2083.400 2088.200 1 1 0 0.000 2727 09:30:15
2083.200 2083.400 2088.200 1 1 0 0.000 2727 09:30:16
2083.200 2083.400 2088.200 1 1 0 0.000 2727 09:30:17
2083.200 2083.400 2088.200 1 1 0 0.000 2727 09:30:18
2083.200 2083.400 2088.200 1 1 0 0.000 2727 09:30:18
2083.200 2083.400 2088.200 1 1 0 0.000 2727 09:30:21
2083.200 2083.400 2088.000 1 1 0 0.000 2727 09:30:22
2083.200 2083.600 2088.000 1 1 0 0.000 2727 09:30:25
2083.200 2083.600 2088.000 1 1 0 0.000 2727 09:30:27
2083.200 2083.800 2088.000 1 1 0 0.000 2727 09:30:29
2083.200 2083.800 2088.000 1 1 0 0.000 2727 09:30:31
2083.200 2083.600 2088.000 1 1 0 0.000 2727 09:30:33
2083.200 2083.800 2088.000 1 1 0 0.000 2727 09:30:36
2083.200 2083.400 2088.000 1 1 0 0.000 2727 09:30:37
2083.200 2083.400 2088.000 2 1 0 0.000 2727 09:30:37
2083.200 2083.400 2088.000 1 1 0 0.000 2727 09:30:38
2083.200 2083.400 2088.000 1 1 0 0.000 2727 09:30:39
2083.200 2076.600 2088.000 1 1 0 0.000 2727 09:30:40
2083.200 2081.200 2087.800 1 1 0 0.000 2727 09:30:40
2083.200 2081.200 2087.600 1 1 0 0.000 2727 09:30:41
2083.200 2081.200 2087.400 1 1 0 0.000 2727 09:30:41
2083.200 2081.200 2087.200 1 1 0 0.000 2727 09:30:42
2083.200 2081.200 2087.000 1 1 0 0.000 2727 09:30:42
2083.200 2081.400 2086.800 1 1 0 0.000 2727 09:30:43
2083.200 2081.600 2086.800 1 1 0 0.000 2727 09:30:43
2083.200 2083.400 2086.400 1 1 0 0.000 2727 09:30:45
2083.200 2083.400 2086.200 1 1 0 0.000 2727 09:30:45
2083.200 2083.400 2086.200 1 1 0 0.000 2727 09:30:46
2083.200 2083.400 2086.200 1 1 0 0.000 2727 09:30:48
2086.200 2083.400 2087.800 1 1 1 625860.000 2727 09:30:51
2086.200 2083.400 2087.200 1 1 1 625860.000 2727 09:30:52
2086.200 2083.600 2087.800 1 1 1 625860.000 2727 09:30:52
2086.200 2083.600 2087.000 1 1 1 625860.000 2727 09:30:53
2086.200 2083.600 2087.800 1 1 1 625860.000 2727 09:30:53
2086.200 2083.600 2087.000 1 1 1 625860.000 2727 09:30:54
2086.200 2083.600 2087.000 1 1 1 625860.000 2727 09:30:54
2086.200 2083.600 2086.800 1 1 1 625860.000 2727 09:30:56
2086.200 2083.600 2086.800 1 1 1 625860.000 2727 09:30:57
2086.200 2083.600 2086.600 1 1 1 625860.000 2727 09:30:57
2086.200 2083.600 2086.800 1 1 1 625860.000 2727 09:30:58
2086.200 2083.600 2086.600 1 1 1 625860.000 2727 09:30:58
2086.200 2083.600 2086.600 1 1 1 625860.000 2727 09:31:02
2086.200 2083.600 2086.600 1 1 1 625860.000 2727 09:31:03
2086.200 2083.600 2086.800 1 1 1 625860.000 2727 09:31:03
2086.200 2083.600 2086.800 1 1 1 625860.000 2727 09:31:05
2086.200 2083.600 2086.800 1 1 1 625860.000 2727 09:31:05
2086.200 2083.600 2086.800 1 1 1 625860.000 2727 09:31:06
2086.200 2083.600 2086.800 1 1 1 625860.000 2727 09:31:09
2086.200 2083.600 2086.400 1 1 1 625860.000 2727 09:31:09
2086.400 2083.600 2086.800 1 1 2 1251780.000 2726 09:31:10
2086.400 2083.600 2086.800 1 2 2 1251780.000 2726 09:31:12
2086.400 2083.600 2086.600 1 1 2 1251780.000 2726 09:31:12
2086.400 2076.600 2086.600 1 1 2 1251780.000 2726 09:31:13
2086.400 2081.200 2086.400 1 3 2 1251780.000 2726 09:31:13
2086.400 2083.400 2086.600 1 1 3 1877700.000 2726 09:31:14
2086.400 2083.600 2085.800 2 1 3 1877700.000 2726 09:31:14
2086.400 2083.600 2086.800 1 1 3 1877700.000 2726 09:31:15
2086.400 2083.800 2086.800 1 1 3 1877700.000 2726 09:31:15
2086.400 2084.000 2086.800 1 1 3 1877700.000 2726 09:31:16
2086.400 2084.200 2087.800 1 1 3 1877700.000 2726 09:31:16
2086.400 2084.400 2087.000 1 1 3 1877700.000 2726 09:31:17
2086.400 2084.600 2087.800 1 1 3 1877700.000 2726 09:31:17
2086.400 2084.800 2086.600 1 1 3 1877700.000 2726 09:31:18
2086.400 2085.000 2087.800 1 1 3 1877700.000 2726 09:31:18
2086.400 2085.000 2086.200 1 1 3 1877700.000 2726 09:31:19
2086.400 2085.000 2087.800 1 1 3 1877700.000 2726 09:31:19
2086.400 2085.000 2086.200 1 1 3 1877700.000 2726 09:31:20
2086.400 2085.000 2086.200 1 1 3 1877700.000 2726 09:31:20
2086.200 2085.000 2087.400 1 1 4 2503560.000 2726 09:31:23
2086.200 2085.200 2086.400 1 1 4 2503560.000 2726 09:31:23
2086.200 2085.400 2087.400 1 1 4 2503560.000 2726 09:31:24
2086.200 2076.600 2087.400 1 1 4 2503560.000 2726 09:31:24
2086.200 2083.400 2087.200 1 1 4 2503560.000 2726 09:31:25
2086.200 2083.600 2087.800 2 1 4 2503560.000 2726 09:31:25
2086.200 2083.800 2087.800 1 1 4 2503560.000 2726 09:31:26
2086.200 2083.800 2087.800 1 1 4 2503560.000 2726 09:31:26
2086.200 2084.000 2087.800 2 1 4 2503560.000 2726 09:31:27
2086.200 2084.200 2087.800 1 1 4 2503560.000 2726 09:31:27
2086.200 2084.400 2087.800 1 1 4 2503560.000 2726 09:31:28
2086.200 2084.600 2087.800 2 1 4 2503560.000 2726 09:31:28
2086.200 2084.800 2087.800 1 1 4 2503560.000 2726 09:31:29
2086.200 2085.000 2087.800 1 1 4 2503560.000 2726 09:31:29
2086.200 2085.200 2087.800 2 1 4 2503560.000 2726 09:31:30
2086.200 2085.200 2087.600 2 1 4 2503560.000 2726 09:31:30
2086.200 2085.200 2087.600 2 1 4 2503560.000 2726 09:31:31
2086.200 2085.200 2087.400 2 1 4 2503560.000 2726 09:31:31
2086.200 2085.200 2087.600 2 1 4 2503560.000 2726 09:31:32
2086.200 2085.200 2087.600 2 2 4 2503560.000 2726 09:31:32
2086.200 2085.200 2087.600 2 2 4 2503560.000 2726 09:31:33
2086.200 2085.200 2087.600 2 1 4 2503560.000 2726 09:31:34
2086.200 2085.200 2087.600 2 1 4 2503560.000 2726 09:31:37
2086.200 2085.200 2087.800 2 1 4 2503560.000 2726 09:31:40
2086.200 2085.600 2087.800 1 1 4 2503560.000 2726 09:31:47
2087.800 2085.800 2098.400 2 1 5 3129900.000 2727 09:31:47
2087.800 2086.000 2089.800 2 1 5 3129900.000 2727 09:31:48
2087.800 2086.200 2092.800 2 1 5 3129900.000 2727 09:31:48
2087.800 2086.200 2089.800 2 1 5 3129900.000 2727 09:31:49
2087.800 2086.200 2092.600 2 1 5 3129900.000 2727 09:31:49
2087.800 2086.200 2089.600 2 1 5 3129900.000 2727 09:31:50
2087.800 2086.200 2092.400 2 1 5 3129900.000 2727 09:31:50
2087.800 2086.200 2089.600 2 1 5 3129900.000 2727 09:31:51
2087.800 2086.200 2089.600 2 1 5 3129900.000 2727 09:31:51
2087.800 2086.400 2089.600 1 1 5 3129900.000 2727 09:31:52
2087.800 2086.600 2089.600 2 1 5 3129900.000 2727 09:31:53
2087.800 2086.600 2089.800 2 1 5 3129900.000 2727 09:31:53
2087.800 2086.800 2089.800 1 1 5 3129900.000 2727 09:31:54
2087.800 2087.000 2089.800 2 1 5 3129900.000 2727 09:31:54
2087.800 2087.000 2089.800 2 1 5 3129900.000 2727 09:31:55
2087.800 2087.200 2089.800 1 1 5 3129900.000 2727 09:31:57
2087.800 2087.400 2089.800 2 1 5 3129900.000 2727 09:31:58
2087.800 2087.600 2089.800 1 2 5 3129900.000 2727 09:31:58
2087.800 2087.800 2089.800 2 2 5 3129900.000 2727 09:31:59
2087.800 2087.800 2089.800 2 2 5 3129900.000 2727 09:31:59
2087.800 2087.800 2089.800 2 1 5 3129900.000 2727 09:32:00
2087.800 2087.800 2089.800 2 1 5 3129900.000 2727 09:32:02
2087.800 2087.800 2092.800 2 1 5 3129900.000 2727 09:32:03
2087.800 2087.800 2091.600 2 1 5 3129900.000 2727 09:32:03
2087.800 2087.800 2091.600 2 1 5 3129900.000 2727 09:32:04
2087.800 2087.800 2090.400 2 1 5 3129900.000 2727 09:32:04
2087.800 2087.800 2090.400 2 1 5 3129900.000 2727 09:32:05
2087.800 2087.800 2090.200 2 1 5 3129900.000 2727 09:32:06
2087.800 2087.800 2090.200 2 1 5 3129900.000 2727 09:32:07
2087.800 2087.800 2090.200 2 1 5 3129900.000 2727 09:32:09
2087.800 2087.800 2090.200 2 2 5 3129900.000 2727 09:32:10
2087.800 2088.000 2090.200 1 2 5 3129900.000 2727 09:32:11
2087.800 2088.200 2090.200 2 1 5 3129900.000 2727 09:32:11
2087.800 2088.200 2090.200 2 2 5 3129900.000 2727 09:32:12
2087.800 2088.200 2090.200 2 2 5 3129900.000 2727 09:32:12
2087.800 2088.200 2090.200 2 1 5 3129900.000 2727 09:32:14
2087.800 2088.200 2089.200 2 1 5 3129900.000 2727 09:32:14
2087.800 2088.200 2090.200 2 1 5 3129900.000 2727 09:32:15
2087.800 2088.200 2090.200 2 2 5 3129900.000 2727 09:32:15
2087.800 2088.200 2090.200 2 2 5 3129900.000 2727 09:32:17
2087.800 2088.200 2098.400 2 1 5 3129900.000 2727 09:32:18
2087.800 2088.400 2090.800 2 1 5 3129900.000 2727 09:32:18
2087.800 2088.600 2094.400 2 3 5 3129900.000 2727 09:32:19
2087.800 2088.800 2090.800 1 1 5 3129900.000 2727 09:32:19
2087.800 2089.000 2090.800 2 1 5 3129900.000 2727 09:32:20
2087.800 2089.200 2090.800 1 1 5 3129900.000 2727 09:32:20
2087.800 2089.400 2090.800 2 1 5 3129900.000 2727 09:32:21
2087.800 2089.400 2090.800 2 1 5 3129900.000 2727 09:32:21
2087.800 2089.400 2090.800 2 1 5 3129900.000 2727 09:32:25
2087.800 2089.400 2094.400 2 1 5 3129900.000 2727 09:32:26
2087.800 2089.400 2091.400 2 1 5 3129900.000 2727 09:32:27
2087.800 2089.400 2094.400 2 1 5 3129900.000 2727 09:32:27
2087.800 2089.600 2091.400 1 1 5 3129900.000 2727 09:32:28
2087.800 2089.800 2091.400 1 1 5 3129900.000 2727 09:32:28
2089.800 2089.600 2091.400 1 1 6 3756840.000 2728 09:32:29
2089.800 2089.600 2089.800 1 1 6 3756840.000 2728 09:32:30
2089.800 2089.600 2091.400 1 1 7 4383780.000 2727 09:32:30
2089.800 2089.600 2091.400 1 1 7 4383780.000 2727 09:32:32
2089.800 2089.600 2094.400 1 1 7 4383780.000 2727 09:32:33
2089.800 2089.600 2091.600 1 1 7 4383780.000 2727 09:32:33
2089.800 2089.600 2094.400 1 1 7 4383780.000 2727 09:32:34
2089.800 2089.600 2091.600 1 1 7 4383780.000 2727 09:32:34
2089.800 2089.600 2091.600 1 1 7 4383780.000 2727 09:32:35
2089.800 2089.600 2091.400 1 1 7 4383780.000 2727 09:32:37
2089.800 2089.600 2091.400 1 1 7 4383780.000 2727 09:32:41
2091.400 2089.600 2091.600 1 1 8 5011200.000 2727 09:32:48
2091.400 2089.600 2091.400 1 1 8 5011200.000 2727 09:32:50
2091.400 2089.600 2091.400 1 1 8 5011200.000 2727 09:32:53
2091.400 2091.600 2094.400 1 1 8 5011200.000 2727 09:32:54
2091.600 2089.600 2092.200 1 1 9 5638680.000 2727 09:32:54
2089.600 2082.400 2092.000 2 3 10 6265560.000 2726 09:32:55
2089.600 2087.800 2091.800 1 2 10 6265560.000 2726 09:32:55
2089.600 2084.000 2092.000 1 2 10 6265560.000 2726 09:32:56
2089.600 2085.600 2091.800 1 1 10 6265560.000 2726 09:32:56
2089.600 2087.400 2091.600 1 1 10 6265560.000 2726 09:32:57
2089.600 2087.800 2091.800 1 1 10 6265560.000 2726 09:32:57
2089.600 2087.800 2091.800 1 1 10 6265560.000 2726 09:32:59
2089.600 2087.400 2091.800 1 1 10 6265560.000 2726 09:33:01
2089.600 2087.400 2091.600 1 1 10 6265560.000 2726 09:33:02
2089.600 2087.400 2091.400 1 1 10 6265560.000 2726 09:33:03
2089.600 2087.400 2091.400 1 1 10 6265560.000 2726 09:33:03
2089.600 2087.400 2090.800 1 1 10 6265560.000 2726 09:33:04
2089.600 2087.400 2090.800 1 1 10 6265560.000 2726 09:33:04
2089.600 2087.400 2091.600 1 1 10 6265560.000 2726 09:33:07
2089.600 2087.400 2091.400 1 1 10 6265560.000 2726 09:33:08
2089.600 2087.400 2091.200 1 1 10 6265560.000 2726 09:33:10
2089.600 2087.400 2090.800 1 1 10 6265560.000 2726 09:33:11
2089.600 2087.400 2090.200 1 1 10 6265560.000 2726 09:33:12
2089.600 2087.400 2091.200 1 1 10 6265560.000 2726 09:33:12
2089.600 2087.400 2090.800 1 1 10 6265560.000 2726 09:33:13
2089.600 2087.400 2091.200 1 1 10 6265560.000 2726 09:33:13
2089.600 2082.400 2090.600 2 1 10 6265560.000 2726 09:33:14
2089.600 2085.600 2090.400 1 1 10 6265560.000 2726 09:33:14
2089.600 2085.600 2090.400 1 1 10 6265560.000 2726 09:33:15
2089.600 2086.000 2090.400 1 2 10 6265560.000 2726 09:33:16
2089.600 2086.000 2090.600 1 1 10 6265560.000 2726 09:33:16
2089.600 2086.200 2090.200 1 1 10 6265560.000 2726 09:33:17
2089.600 2086.200 2089.600 1 1 10 6265560.000 2726 09:33:17
2089.600 2086.200 2094.200 1 1 10 6265560.000 2726 09:33:18
2089.600 2086.400 2089.600 1 1 10 6265560.000 2726 09:33:18
2089.600 2086.200 2089.600 1 1 10 6265560.000 2726 09:33:19
2089.600 2086.400 2089.600 1 1 10 6265560.000 2726 09:33:20
2089.600 2086.400 2094.000 1 1 11 6892440.000 2726 09:33:23
2089.600 2086.600 2089.600 2 1 11 6892440.000 2726 09:33:23
2089.600 2086.600 2089.600 1 1 11 6892440.000 2726 09:33:24
2089.600 2086.600 2089.600 1 1 11 6892440.000 2726 09:33:24
2089.600 2086.800 2089.600 1 1 11 6892440.000 2726 09:33:25
2089.600 2086.800 2089.600 1 1 11 6892440.000 2726 09:33:30
2089.600 2086.800 2089.600 1 1 11 6892440.000 2726 09:33:34
2089.600 2086.800 2089.600 2 1 11 6892440.000 2726 09:33:39
2089.600 2086.800 2089.400 2 1 11 6892440.000 2726 09:33:40
2089.600 2086.800 2089.400 2 1 11 6892440.000 2726 09:33:40
2089.600 2086.800 2089.000 2 1 11 6892440.000 2726 09:33:41
2089.600 2086.800 2089.400 1 1 11 6892440.000 2726 09:33:41
2089.600 2086.800 2088.800 1 1 11 6892440.000 2726 09:33:42
2089.600 2086.800 2089.400 1 1 11 6892440.000 2726 09:33:42
2089.600 2086.800 2088.800 1 1 11 6892440.000 2726 09:33:43
2089.600 2086.800 2089.400 1 1 11 6892440.000 2726 09:33:43
2089.600 2086.800 2089.000 1 1 11 6892440.000 2726 09:33:44
2089.600 2086.800 2089.400 1 1 11 6892440.000 2726 09:33:44
2089.600 2086.800 2089.000 1 1 11 6892440.000 2726 09:33:45
2089.600 2086.800 2090.400 1 1 11 6892440.000 2726 09:33:45
2089.600 2086.800 2089.000 1 1 11 6892440.000 2726 09:33:46
2089.000 2086.800 2090.400 1 1 12 7519140.000 2726 09:34:00
2089.000 2086.800 2089.000 1 1 12 7519140.000 2726 09:34:00
2089.000 2086.800 2090.400 1 1 12 7519140.000 2726 09:34:01
2089.000 2086.800 2089.000 1 1 12 7519140.000 2726 09:34:01
2089.000 2086.800 2088.800 1 1 12 7519140.000 2726 09:34:02
2089.000 2086.800 2088.800 1 1 12 7519140.000 2726 09:34:02
2089.000 2086.800 2088.600 1 1 12 7519140.000 2726 09:34:03
2089.000 2086.800 2090.200 1 1 12 7519140.000 2726 09:34:03
2089.000 2086.800 2088.800 1 1 12 7519140.000 2726 09:34:04
2089.000 2086.800 2088.600 1 1 12 7519140.000 2726 09:34:04
2089.000 2086.800 2088.600 1 1 12 7519140.000 2726 09:34:05
2086.800 2082.400 2088.600 2 1 13 8145180.000 2725 09:34:13
2086.800 2085.600 2088.400 1 1 13 8145180.000 2725 09:34:13
2086.800 2085.600 2088.200 1 1 13 8145180.000 2725 09:34:14
2086.800 2085.600 2088.600 1 1 13 8145180.000 2725 09:34:14
2086.800 2085.800 2088.600 1 1 13 8145180.000 2725 09:34:19
2086.800 2085.800 2088.800 1 1 13 8145180.000 2725 09:34:22
2086.800 2085.800 2090.400 1 1 13 8145180.000 2725 09:34:22
2086.800 2085.800 2088.800 1 1 13 8145180.000 2725 09:34:23
2086.800 2086.000 2090.400 1 1 13 8145180.000 2725 09:34:23
2086.800 2086.000 2089.000 1 1 13 8145180.000 2725 09:34:24
2086.800 2086.000 2088.800 1 1 13 8145180.000 2725 09:34:25
2086.800 2086.000 2088.800 1 1 13 8145180.000 2725 09:34:26
2086.800 2086.000 2088.800 1 1 13 8145180.000 2725 09:34:26
2086.800 2086.000 2088.600 1 1 13 8145180.000 2725 09:34:27
2086.800 2086.000 2088.600 1 1 13 8145180.000 2725 09:34:27
2086.800 2086.000 2088.800 1 1 13 8145180.000 2725 09:34:31
2086.800 2086.200 2088.600 1 1 13 8145180.000 2725 09:34:33
2086.800 2086.200 2088.600 1 1 13 8145180.000 2725 09:34:33
2086.800 2086.200 2088.600 1 1 13 8145180.000 2725 09:34:34
2086.800 2086.200 2088.400 1 1 13 8145180.000 2725 09:34:34
2086.800 2086.200 2088.400 1 1 13 8145180.000 2725 09:34:35
2086.800 2086.200 2088.400 1 1 13 8145180.000 2725 09:34:38
2086.800 2086.200 2088.600 1 1 13 8145180.000 2725 09:34:39
2086.800 2086.200 2090.400 1 1 13 8145180.000 2725 09:34:40
2086.800 2086.200 2088.800 1 1 13 8145180.000 2725 09:34:40
2086.800 2086.200 2088.600 1 1 13 8145180.000 2725 09:34:41
2086.800 2086.200 2088.600 1 1 13 8145180.000 2725 09:34:42
2086.800 2086.200 2088.600 1 1 13 8145180.000 2725 09:34:43
2086.800 2086.200 2088.400 1 1 13 8145180.000 2725 09:34:43
2086.800 2086.200 2088.400 1 1 13 8145180.000 2725 09:34:44
2086.800 2086.200 2088.400 1 1 13 8145180.000 2725 09:34:46
2086.800 2086.200 2090.200 1 1 13 8145180.000 2725 09:34:47
2086.800 2086.200 2088.800 1 1 13 8145180.000 2725 09:34:47
2086.800 2086.200 2088.600 1 1 13 8145180.000 2725 09:34:48
2086.800 2086.200 2088.600 1 1 13 8145180.000 2725 09:34:48
2086.800 2086.400 2088.600 2 1 13 8145180.000 2725 09:34:55
2086.800 2086.400 2088.600 2 1 13 8145180.000 2725 09:34:55
2086.800 2086.400 2088.600 2 1 13 8145180.000 2725 09:34:56
2086.800 2086.400 2093.800 1 1 13 8145180.000 2725 09:34:56
2086.800 2086.600 2089.200 2 1 13 8145180.000 2725 09:34:57
2086.800 2086.400 2089.000 1 1 13 8145180.000 2725 09:34:57
2086.800 2086.400 2093.800 1 1 13 8145180.000 2725 09:34:58
2086.800 2086.600 2089.200 2 1 13 8145180.000 2725 09:34:58
2086.800 2086.400 2089.000 1 1 13 8145180.000 2725 09:34:59
2086.800 2086.400 2089.000 1 1 13 8145180.000 2725 09:34:59
2086.800 2086.600 2089.000 1 1 13 8145180.000 2725 09:35:04
2086.800 2086.800 2089.000 1 1 13 8145180.000 2725 09:35:04
2086.800 2086.800 2089.000 1 1 13 8145180.000 2725 09:35:06
2086.800 2086.800 2091.400 1 1 13 8145180.000 2725 09:35:06
2086.800 2086.800 2089.400 1 1 13 8145180.000 2725 09:35:07
2086.800 2086.800 2089.400 1 1 13 8145180.000 2725 09:35:07
2086.800 2086.800 2089.400 1 1 13 8145180.000 2725 09:35:08
2086.800 2086.800 2089.400 1 1 13 8145180.000 2725 09:35:10
2086.800 2086.800 2089.400 2 1 13 8145180.000 2725 09:35:13
2086.800 2087.200 2089.400 1 1 13 8145180.000 2725 09:35:18
2086.800 2087.800 2089.400 1 1 13 8145180.000 2725 09:35:18
2086.800 2087.200 2089.400 1 1 13 8145180.000 2725 09:35:19
2086.800 2087.800 2089.400 1 1 13 8145180.000 2725 09:35:19
2086.800 2087.200 2089.400 1 1 13 8145180.000 2725 09:35:20
2089.400 2087.200 2094.000 1 1 14 8772000.000 2725 09:35:20
2089.400 2087.400 2089.600 2 1 14 8772000.000 2725 09:35:21
2089.400 2087.400 2087.800 1 1 14 8772000.000 2725 09:35:21
2087.800 2087.400 2089.600 1 1 15 9398340.000 2724 09:35:22
2087.800 2087.400 2089.600 1 1 15 9398340.000 2724 09:35:22
2087.800 2087.800 2089.600 1 1 15 9398340.000 2724 09:35:23
2087.800 2087.800 2089.600 2 1 15 9398340.000 2724 09:35:25
2087.800 2088.000 2089.600 1 1 15 9398340.000 2724 09:35:26
2087.800 2088.000 2089.600 1 1 15 9398340.000 2724 09:35:26
2088.000 2087.800 2089.600 1 1 16 10024740.000 2723 09:35:29
2088.000 2086.800 2089.600 1 1 16 10024740.000 2723 09:35:34
2088.000 2087.800 2089.600 1 1 16 10024740.000 2723 09:35:37
2088.000 2087.800 2089.600 1 1 16 10024740.000 2723 09:35:37
2088.000 2087.200 2089.600 1 1 16 10024740.000 2723 09:35:40
2088.000 2087.200 2089.600 1 1 16 10024740.000 2723 09:35:43
2089.600 2087.200 2094.000 1 1 17 10651620.000 2723 09:35:46
2089.600 2087.400 2089.600 1 1 17 10651620.000 2723 09:35:46
2089.600 2087.200 2089.600 1 1 17 10651620.000 2723 09:35:47
2089.600 2087.800 2089.600 1 1 17 10651620.000 2723 09:35:51
2089.600 2087.200 2089.600 1 1 17 10651620.000 2723 09:35:52
2089.600 2087.800 2089.600 1 1 17 10651620.000 2723 09:35:53
2089.600 2087.800 2089.600 1 1 17 10651620.000 2723 09:35:54
2089.600 2086.800 2089.600 1 1 17 10651620.000 2723 09:35:54
2089.600 2088.000 2089.600 1 1 17 10651620.000 2723 09:35:55
2089.600 2088.000 2089.600 1 1 17 10651620.000 2723 09:35:55
2089.600 2088.000 2098.400 1 1 17 10651620.000 2723 09:35:57
2089.600 2088.200 2092.000 1 2 17 10651620.000 2723 09:35:57
2089.600 2088.000 2096.600 1 1 17 10651620.000 2723 09:35:58
2089.600 2088.200 2091.200 2 1 17 10651620.000 2723 09:35:58
2089.600 2088.000 2091.200 1 1 17 10651620.000 2723 09:35:59
2089.600 2089.000 2091.200 1 1 17 10651620.000 2723 09:36:02
2089.600 2089.200 2091.200 1 1 17 10651620.000 2723 09:36:03
2089.600 2089.000 2091.200 1 1 17 10651620.000 2723 09:36:04
2089.600 2089.200 2091.200 1 1 17 10651620.000 2723 09:36:04
2089.600 2089.200 2091.200 1 1 17 10651620.000 2723 09:36:05
2089.600 2089.200 2091.200 1 1 17 10651620.000 2723 09:36:14
2089.600 2089.200 2091.200 1 1 17 10651620.000 2723 09:36:15
2089.600 2090.000 2091.200 1 1 17 10651620.000 2723 09:36:18
2089.600 2090.200 2091.200 1 1 17 10651620.000 2723 09:36:18
2089.600 2089.200 2091.200 1 1 17 10651620.000 2723 09:36:19
2091.200 2089.200 2096.000 1 1 18 11278980.000 2723 09:36:20
2091.200 2089.400 2090.400 1 1 18 11278980.000 2723 09:36:21
2091.200 2089.600 2095.800 1 1 18 11278980.000 2723 09:36:21
2091.200 2089.200 2092.800 1 1 18 11278980.000 2723 09:36:22
2091.200 2089.200 2093.000 1 1 18 11278980.000 2723 09:36:22
2091.200 2089.200 2092.000 1 1 18 11278980.000 2723 09:36:23
2091.200 2089.400 2093.000 1 1 18 11278980.000 2723 09:36:23
2091.200 2089.600 2091.800 1 1 18 11278980.000 2723 09:36:24
2091.200 2089.600 2093.000 1 1 18 11278980.000 2723 09:36:24
2089.600 2089.400 2091.800 1 1 19 11905860.000 2723 09:36:25
2089.600 2089.400 2092.800 1 1 19 11905860.000 2723 09:36:25
2089.600 2089.400 2091.800 1 1 19 11905860.000 2723 09:36:26
2089.600 2089.400 2092.800 1 1 19 11905860.000 2723 09:36:26
2089.600 2089.400 2091.800 1 1 19 11905860.000 2723 09:36:27
2089.600 2089.400 2092.800 1 1 19 11905860.000 2723 09:36:27
2089.600 2089.400 2091.800 1 1 19 11905860.000 2723 09:36:28
2089.600 2089.400 2091.800 1 1 19 11905860.000 2723 09:36:29
2089.600 2090.000 2091.800 1 1 19 11905860.000 2723 09:36:29
2089.600 2089.400 2091.800 1 1 19 11905860.000 2723 09:36:30
2098.400 2089.400 2116.000 1 1 21 13162920.000 2723 09:36:35
2098.400 2089.600 2092.000 2 1 21 13162920.000 2723 09:36:35
2098.400 2089.400 2092.000 1 1 21 13162920.000 2723 09:36:36
2098.400 2089.400 2092.000 1 1 21 13162920.000 2723 09:36:36
2098.400 2089.400 2092.000 1 1 21 13162920.000 2723 09:36:37
2098.400 2089.400 2092.000 1 1 21 13162920.000 2723 09:36:39
2098.400 2089.400 2092.000 1 1 21 13162920.000 2723 09:36:40
2098.400 2090.000 2092.000 1 1 21 13162920.000 2723 09:36:41
2098.400 2089.400 2092.000 1 1 21 13162920.000 2723 09:36:41
2098.400 2090.000 2092.000 1 1 21 13162920.000 2723 09:36:45
2098.400 2089.400 2092.000 1 1 21 13162920.000 2723 09:36:45
2098.400 2089.400 2092.000 1 1 21 13162920.000 2723 09:36:52
2098.400 2089.600 2092.000 1 1 21 13162920.000 2723 09:36:53
2098.400 2089.600 2092.000 1 1 21 13162920.000 2723 09:36:56
2098.400 2089.400 2092.000 1 1 21 13162920.000 2723 09:36:57
2092.000 2089.400 2092.200 1 1 22 13790520.000 2723 09:36:58
2092.000 2089.400 2092.000 1 1 22 13790520.000 2723 09:36:59
2092.000 2089.000 2092.000 1 1 22 13790520.000 2723 09:37:00
2092.000 2089.200 2092.000 1 1 22 13790520.000 2723 09:37:01
2092.000 2089.200 2092.000 1 1 22 13790520.000 2723 09:37:02
2092.000 2089.200 2092.000 1 1 22 13790520.000 2723 09:37:06
2092.000 2089.200 2092.000 1 2 22 13790520.000 2723 09:37:07
2092.000 2089.200 2092.000 1 1 23 14418120.000 2723 09:37:14
2092.000 2089.200 2092.000 1 2 23 14418120.000 2723 09:37:14
2092.000 2089.200 2091.800 1 1 23 14418120.000 2723 09:37:17
2092.000 2089.200 2091.800 1 1 23 14418120.000 2723 09:37:18
2092.000 2089.200 2089.600 1 1 23 14418120.000 2723 09:37:18
2092.000 2089.200 2091.800 1 1 23 14418120.000 2723 09:37:19
2092.000 2089.200 2089.600 1 1 23 14418120.000 2723 09:37:19
2092.000 2082.400 2089.600 2 1 23 14418120.000 2723 09:37:20
2092.000 2088.000 2089.600 1 1 23 14418120.000 2723 09:37:20
2089.600 2088.000 2091.800 1 1 24 15045000.000 2722 09:37:24
2089.600 2088.000 2089.600 1 1 24 15045000.000 2722 09:37:24
2089.600 2088.000 2089.600 1 1 24 15045000.000 2722 09:37:25
2089.600 2088.000 2089.600 1 1 24 15045000.000 2722 09:37:32
2089.600 2088.000 2091.800 1 1 24 15045000.000 2722 09:37:34
2089.600 2088.000 2094.800 1 1 24 15045000.000 2722 09:37:40
2089.600 2088.200 2092.800 1 1 24 15045000.000 2722 09:37:40
2089.600 2088.200 2094.800 1 1 24 15045000.000 2722 09:37:41
2089.600 2088.200 2092.800 1 1 24 15045000.000 2722 09:37:41
2089.600 2088.200 2094.800 1 1 24 15045000.000 2722 09:37:42
2089.600 2088.200 2092.800 1 1 24 15045000.000 2722 09:37:42
2089.600 2088.200 2094.800 1 1 24 15045000.000 2722 09:37:43
2089.600 2088.200 2092.800 1 1 24 15045000.000 2722 09:37:43
2089.600 2088.200 2092.800 1 1 24 15045000.000 2722 09:37:44
2089.600 2088.200 2092.600 1 1 24 15045000.000 2722 09:37:46
2089.600 2087.800 2092.600 1 1 24 15045000.000 2722 09:37:47
2089.600 2088.200 2092.000 1 1 24 15045000.000 2722 09:37:47
2089.600 2088.200 2092.600 1 1 24 15045000.000 2722 09:37:48
2089.600 2088.200 2092.000 1 1 24 15045000.000 2722 09:37:48
2089.600 2088.200 2092.600 1 1 24 15045000.000 2722 09:37:49
2089.600 2088.200 2092.000 1 1 24 15045000.000 2722 09:37:49
2089.600 2088.200 2092.600 1 1 24 15045000.000 2722 09:37:50
2089.600 2088.200 2092.000 1 1 24 15045000.000 2722 09:37:50
2089.600 2088.400 2092.000 1 1 24 15045000.000 2722 09:37:53
2089.600 2088.400 2092.000 1 1 24 15045000.000 2722 09:37:53
2089.600 2088.400 2092.000 1 1 24 15045000.000 2722 09:37:55
2089.600 2088.400 2091.800 1 1 24 15045000.000 2722 09:37:57
2089.600 2088.400 2091.400 1 1 24 15045000.000 2722 09:38:00
2089.600 2088.400 2091.400 1 1 24 15045000.000 2722 09:38:00
2089.600 2088.400 2091.200 1 1 24 15045000.000 2722 09:38:01
2089.600 2088.400 2091.200 1 1 24 15045000.000 2722 09:38:01
2089.600 2088.400 2091.200 1 1 24 15045000.000 2722 09:38:02
2089.600 2087.800 2091.200 1 1 24 15045000.000 2722 09:38:03
2089.600 2087.800 2091.000 1 1 24 15045000.000 2722 09:38:05
2089.600 2087.800 2090.800 1 1 24 15045000.000 2722 09:38:14
2089.600 2088.000 2090.800 1 1 24 15045000.000 2722 09:38:15
2089.600 2088.200 2090.800 1 1 24 15045000.000 2722 09:38:25
2089.600 2088.400 2090.800 1 1 24 15045000.000 2722 09:38:27
2089.600 2088.400 2090.800 1 1 24 15045000.000 2722 09:38:27
2088.400 2087.800 2090.800 1 1 25 15671520.000 2721 09:38:34
2088.400 2088.200 2090.600 1 1 25 15671520.000 2721 09:38:35
2088.400 2088.200 2090.400 1 1 25 15671520.000 2721 09:38:35
2088.400 2088.200 2090.400 1 1 25 15671520.000 2721 09:38:36
2088.400 2088.200 2090.400 1 1 25 15671520.000 2721 09:38:43
2088.400 2087.800 2090.400 1 1 25 15671520.000 2721 09:38:45
2088.400 2082.400 2090.400 2 1 25 15671520.000 2721 09:39:09
2088.400 2087.800 2090.200 1 2 25 15671520.000 2721 09:39:09
2088.400 2084.000 2090.000 1 1 25 15671520.000 2721 09:39:10
2088.400 2086.400 2089.800 1 1 25 15671520.000 2721 09:39:10
2088.400 2087.800 2089.600 1 1 25 15671520.000 2721 09:39:11
2088.400 2087.800 2090.400 1 1 25 15671520.000 2721 09:39:11
2088.400 2088.000 2090.400 1 1 25 15671520.000 2721 09:39:35
2088.400 2088.000 2090.400 2 1 25 15671520.000 2721 09:39:47
2088.400 2088.000 2090.400 2 1 25 15671520.000 2721 09:39:51
2088.400 2088.200 2090.400 1 1 25 15671520.000 2721 09:39:59
2088.400 2088.200 2090.200 1 1 25 15671520.000 2721 09:40:02
2088.400 2088.200 2090.000 1 1 25 15671520.000 2721 09:40:02
2088.400 2088.200 2090.000 1 1 25 15671520.000 2721 09:40:03
2088.400 2088.200 2090.000 1 1 25 15671520.000 2721 09:40:04
2088.400 2088.200 2089.800 1 1 25 15671520.000 2721 09:40:05
2088.400 2088.200 2089.600 1 1 25 15671520.000 2721 09:40:05
2088.400 2088.200 2089.600 1 1 25 15671520.000 2721 09:40:06
2088.400 2088.200 2089.600 1 1 25 15671520.000 2721 09:40:08
2088.400 2088.000 2089.600 1 1 25 15671520.000 2721 09:40:08
2088.400 2088.000 2089.600 1 1 25 15671520.000 2721 09:40:13
2088.400 2088.000 2090.400 1 1 25 15671520.000 2721 09:40:13
2088.400 2088.000 2090.200 1 1 25 15671520.000 2721 09:40:14
2088.400 2088.000 2090.000 1 1 25 15671520.000 2721 09:40:14
2088.400 2088.000 2090.000 1 1 25 15671520.000 2721 09:40:15
2088.400 2088.000 2090.400 1 1 25 15671520.000 2721 09:40:15
2088.400 2088.000 2089.800 1 1 25 15671520.000 2721 09:40:16
2088.400 2088.000 2089.600 1 1 25 15671520.000 2721 09:40:16
2088.400 2088.000 2089.600 1 1 25 15671520.000 2721 09:40:17
2088.400 2088.000 2089.600 1 1 25 15671520.000 2721 09:40:17
2088.400 2088.000 2090.400 1 1 25 15671520.000 2721 09:40:18
2088.400 2088.000 2090.200 1 1 25 15671520.000 2721 09:40:28
2088.400 2088.000 2090.000 1 1 25 15671520.000 2721 09:40:29
2088.400 2088.000 2090.000 1 1 25 15671520.000 2721 09:40:29
2088.400 2088.000 2090.000 1 1 25 15671520.000 2721 09:40:30
2088.400 2088.000 2089.800 1 1 25 15671520.000 2721 09:40:31
2088.400 2088.000 2089.600 1 1 25 15671520.000 2721 09:40:31
2088.400 2088.000 2089.600 1 1 25 15671520.000 2721 09:40:32
2088.400 2088.000 2089.600 1 1 25 15671520.000 2721 09:40:32
2088.400 2088.000 2090.400 1 1 25 15671520.000 2721 09:40:33
2088.400 2088.000 2090.200 1 1 25 15671520.000 2721 09:40:46
2088.400 2088.000 2090.000 1 1 25 15671520.000 2721 09:40:47
2088.400 2088.000 2090.000 1 1 25 15671520.000 2721 09:40:47
2088.400 2088.000 2089.800 1 1 25 15671520.000 2721 09:40:48
2088.400 2088.000 2089.600 1 1 25 15671520.000 2721 09:40:48
2088.400 2088.000 2089.600 1 1 25 15671520.000 2721 09:40:49
2088.400 2088.000 2089.600 1 1 25 15671520.000 2721 09:40:51
2088.400 2088.000 2090.400 1 1 25 15671520.000 2721 09:40:51
2088.400 2088.000 2090.400 1 1 25 15671520.000 2721 09:41:00
2088.000 2082.400 2090.400 2 1 26 16297920.000 2722 09:41:05
2088.000 2085.600 2090.200 1 3 26 16297920.000 2722 09:41:05
2088.000 2085.600 2090.000 1 1 26 16297920.000 2722 09:41:06
2088.000 2085.600 2090.000 1 1 26 16297920.000 2722 09:41:06
2088.000 2085.600 2089.800 1 1 26 16297920.000 2722 09:41:07
2088.000 2085.800 2089.600 1 1 26 16297920.000 2722 09:41:08
2088.000 2085.800 2089.600 1 1 26 16297920.000 2722 09:41:08
2088.000 2085.800 2089.400 1 1 26 16297920.000 2722 09:41:09
2088.000 2085.800 2089.200 1 1 26 16297920.000 2722 09:41:10
2088.000 2085.800 2089.200 1 1 26 16297920.000 2722 09:41:10
2088.000 2086.000 2089.200 1 1 26 16297920.000 2722 09:41:12
2088.000 2086.200 2089.200 1 1 26 16297920.000 2722 09:41:15
2088.000 2086.400 2089.200 1 1 26 16297920.000 2722 09:41:22
2088.000 2086.400 2089.200 1 1 26 16297920.000 2722 09:41:26
2088.000 2086.400 2089.200 1 1 26 16297920.000 2722 09:41:49
2088.000 2086.400 2089.000 1 1 26 16297920.000 2722 09:41:50
2088.000 2086.400 2089.000 1 1 26 16297920.000 2722 09:41:51
2088.000 2085.600 2088.800 1 1 26 16297920.000 2722 09:41:51
2088.000 2085.800 2088.800 1 1 26 16297920.000 2722 09:41:53
2088.000 2085.800 2088.600 1 1 26 16297920.000 2722 09:41:53
2088.000 2085.800 2088.600 1 1 26 16297920.000 2722 09:41:54
2088.000 2085.800 2088.600 1 1 26 16297920.000 2722 09:41:54
2088.000 2085.800 2088.600 1 1 26 16297920.000 2722 09:41:57
2088.000 2086.000 2088.600 1 1 26 16297920.000 2722 09:41:58
2088.000 2086.000 2088.600 1 1 26 16297920.000 2722 09:41:59
2088.000 2086.400 2088.600 1 1 26 16297920.000 2722 09:42:09
2088.000 2086.400 2088.600 1 1 26 16297920.000 2722 09:42:12
2088.000 2086.600 2088.600 1 1 26 16297920.000 2722 09:42:15
2088.000 2086.600 2088.400 1 1 26 16297920.000 2722 09:42:18
2088.000 2086.600 2088.400 1 1 26 16297920.000 2722 09:42:19
2088.000 2086.600 2088.400 1 1 26 16297920.000 2722 09:42:29
2088.000 2085.600 2088.400 1 1 26 16297920.000 2722 09:42:34
2088.000 2085.600 2088.400 2 1 26 16297920.000 2722 09:42:37
2088.000 2085.600 2088.200 1 1 26 16297920.000 2722 09:42:37
2088.000 2085.600 2088.200 2 1 26 16297920.000 2722 09:42:38
2088.000 2085.600 2088.200 1 1 26 16297920.000 2722 09:42:43
2088.000 2082.400 2088.200 2 1 26 16297920.000 2722 09:42:44
2088.000 2084.400 2088.000 1 1 26 16297920.000 2722 09:42:44
2088.000 2084.400 2088.200 1 1 26 16297920.000 2722 09:42:45
2088.000 2084.400 2088.200 1 1 26 16297920.000 2722 09:42:45
2088.000 2085.600 2088.200 1 1 26 16297920.000 2722 09:42:48
2088.000 2085.600 2088.200 1 1 26 16297920.000 2722 09:42:48
2088.000 2082.400 2088.200 2 1 26 16297920.000 2722 09:43:05
2088.000 2085.600 2088.000 1 1 26 16297920.000 2722 09:43:06
2088.000 2085.600 2088.200 1 1 26 16297920.000 2722 09:43:06
2088.000 2082.400 2088.200 2 1 26 16297920.000 2722 09:43:07
2088.000 2084.400 2088.000 1 1 26 16297920.000 2722 09:43:08
2088.000 2084.600 2087.800 1 1 26 16297920.000 2722 09:43:08
2088.000 2084.600 2087.800 1 1 26 16297920.000 2722 09:43:09
2088.000 2084.600 2088.200 1 1 27 16924320.000 2722 09:43:11
2088.000 2084.800 2088.200 1 1 27 16924320.000 2722 09:43:11
2088.000 2085.600 2088.200 1 1 27 16924320.000 2722 09:43:12
2088.000 2085.800 2088.200 1 1 27 16924320.000 2722 09:43:13
2088.000 2085.800 2088.200 1 1 27 16924320.000 2722 09:43:17
2088.000 2085.800 2088.200 1 1 27 16924320.000 2722 09:43:17
2088.000 2085.800 2088.200 1 1 27 16924320.000 2722 09:43:20
2088.000 2085.800 2088.200 1 1 27 16924320.000 2722 09:43:22
2088.000 2085.800 2091.000 1 1 27 16924320.000 2722 09:43:27
2088.000 2086.000 2089.600 1 1 27 16924320.000 2722 09:43:28
2088.000 2085.800 2089.000 1 1 27 16924320.000 2722 09:43:28
2088.000 2085.800 2089.000 1 1 27 16924320.000 2722 09:43:29
2088.000 2085.800 2089.000 1 1 27 16924320.000 2722 09:43:32
2088.000 2085.800 2089.000 1 1 27 16924320.000 2722 09:43:33
2088.000 2085.800 2088.800 1 1 27 16924320.000 2722 09:43:34
2088.000 2085.800 2088.800 1 1 27 16924320.000 2722 09:43:35
2088.000 2085.800 2088.800 1 2 27 16924320.000 2722 09:43:36
2088.000 2085.800 2088.800 1 2 27 16924320.000 2722 09:43:38
2088.800 2085.800 2088.800 1 1 28 17550960.000 2722 09:43:43
2088.800 2085.800 2088.800 1 1 28 17550960.000 2722 09:43:44
2088.800 2085.800 2088.000 1 1 28 17550960.000 2722 09:43:45
2088.800 2085.800 2087.800 1 1 28 17550960.000 2722 09:43:45
2088.800 2085.800 2087.800 1 1 28 17550960.000 2722 09:43:52
2088.800 2085.800 2087.800 1 1 28 17550960.000 2722 09:43:53
2088.800 2085.800 2087.800 1 1 28 17550960.000 2722 09:43:53
2088.800 2085.800 2087.800 1 1 28 17550960.000 2722 09:44:39
2088.800 2085.800 2087.400 1 1 28 17550960.000 2722 09:44:40
2088.800 2085.800 2087.400 1 1 28 17550960.000 2722 09:44:41
2088.800 2085.800 2088.000 1 2 28 17550960.000 2722 09:44:49
2088.800 2085.800 2087.600 1 1 28 17550960.000 2722 09:44:49
2088.800 2085.800 2088.000 1 2 28 17550960.000 2722 09:44:50
2088.800 2085.800 2087.600 1 1 28 17550960.000 2722 09:44:50
2088.800 2085.800 2088.000 1 2 28 17550960.000 2722 09:44:51
2088.800 2085.800 2087.600 1 1 28 17550960.000 2722 09:44:51
2088.800 2085.800 2088.000 1 2 28 17550960.000 2722 09:44:52
2088.800 2085.800 2087.600 1 1 28 17550960.000 2722 09:44:53
2088.800 2085.800 2088.000 1 2 28 17550960.000 2722 09:44:53
2088.800 2085.800 2087.600 1 1 28 17550960.000 2722 09:44:54
2088.800 2085.800 2088.000 1 2 28 17550960.000 2722 09:44:55
2088.800 2085.800 2087.600 1 1 28 17550960.000 2722 09:44:55
2088.800 2085.800 2088.000 1 2 28 17550960.000 2722 09:44:56
2088.800 2085.800 2087.600 1 1 28 17550960.000 2722 09:44:56
2088.800 2085.800 2088.000 1 2 28 17550960.000 2722 09:44:57
2088.800 2085.800 2087.800 1 1 28 17550960.000 2722 09:44:57
2088.800 2085.800 2088.000 1 2 28 17550960.000 2722 09:44:58
2088.800 2086.000 2088.000 1 2 28 17550960.000 2722 09:45:02
2088.800 2085.800 2088.000 1 2 28 17550960.000 2722 09:45:05
2088.800 2086.000 2088.000 1 2 28 17550960.000 2722 09:45:06
2088.800 2086.400 2088.000 1 2 28 17550960.000 2722 09:45:14
2088.800 2086.600 2088.000 1 2 28 17550960.000 2722 09:45:15
2088.800 2086.400 2088.000 1 2 28 17550960.000 2722 09:45:15
2088.800 2086.600 2088.000 1 2 28 17550960.000 2722 09:45:18
2088.800 2086.400 2086.600 1 1 28 17550960.000 2722 09:45:19
2088.800 2082.400 2086.600 2 1 28 17550960.000 2722 09:45:20
2088.800 2085.400 2088.000 1 2 28 17550960.000 2722 09:45:20
2088.800 2085.400 2086.400 1 1 28 17550960.000 2722 09:45:21
2088.800 2085.400 2086.200 1 1 28 17550960.000 2722 09:45:22
2088.800 2085.400 2086.000 1 1 28 17550960.000 2722 09:45:23
2086.200 2085.600 2088.000 2 2 29 18176820.000 2722 09:45:23
2086.200 2085.800 2088.000 1 2 29 18176820.000 2722 09:45:24
2086.200 2086.000 2088.000 1 2 29 18176820.000 2722 09:45:24
2086.200 2086.200 2088.000 1 2 29 18176820.000 2722 09:45:25
2086.200 2086.400 2088.000 1 2 29 18176820.000 2722 09:45:25
2086.200 2086.400 2088.000 1 2 29 18176820.000 2722 09:45:26
2086.200 2086.000 2088.000 1 2 29 18176820.000 2722 09:45:26
2086.200 2086.200 2088.000 1 2 29 18176820.000 2722 09:45:27
2086.200 2086.400 2088.000 1 2 29 18176820.000 2722 09:45:27
2086.200 2086.400 2088.000 1 2 29 18176820.000 2722 09:45:28
2086.200 2086.000 2088.000 1 2 29 18176820.000 2722 09:45:28
2086.200 2086.400 2088.000 1 2 29 18176820.000 2722 09:45:29
2086.200 2086.600 2088.000 1 2 29 18176820.000 2722 09:45:29
2086.200 2086.600 2088.000 1 2 29 18176820.000 2722 09:45:30
2086.200 2086.000 2088.000 1 2 29 18176820.000 2722 09:45:30
2086.200 2086.400 2088.000 1 2 29 18176820.000 2722 09:45:31
2086.200 2086.600 2088.000 1 2 29 18176820.000 2722 09:45:31
2086.200 2086.600 2088.000 1 2 29 18176820.000 2722 09:45:32
2086.200 2086.600 2088.000 1 2 29 18176820.000 2722 09:45:38
2086.200 2086.000 2088.000 1 2 29 18176820.000 2722 09:45:38
2086.200 2086.200 2088.000 1 2 29 18176820.000 2722 09:45:39
2086.200 2086.400 2088.000 1 2 29 18176820.000 2722 09:45:39
2086.200 2086.400 2088.000 1 2 29 18176820.000 2722 09:45:40
2086.200 2086.000 2088.000 1 2 29 18176820.000 2722 09:45:40
2086.200 2086.400 2088.000 1 2 29 18176820.000 2722 09:45:41
2086.200 2086.600 2088.000 1 2 29 18176820.000 2722 09:45:41
2086.200 2086.600 2088.000 1 2 29 18176820.000 2722 09:45:42
2086.200 2086.000 2088.000 1 2 29 18176820.000 2722 09:45:42
2086.200 2086.400 2088.000 1 2 29 18176820.000 2722 09:45:43
2086.200 2086.600 2088.000 1 2 29 18176820.000 2722 09:45:43
2086.200 2086.600 2088.000 1 2 29 18176820.000 2722 09:45:44
2086.200 2086.000 2088.000 1 2 29 18176820.000 2722 09:45:44
2086.200 2086.400 2088.000 1 2 29 18176820.000 2722 09:45:45
2086.200 2086.600 2088.000 1 2 29 18176820.000 2722 09:45:45
2086.200 2086.600 2088.000 1 2 29 18176820.000 2722 09:45:46
2086.200 2086.000 2088.000 1 2 29 18176820.000 2722 09:45:46
2086.200 2086.400 2088.000 1 2 29 18176820.000 2722 09:45:47
2086.200 2086.600 2088.000 1 2 29 18176820.000 2722 09:45:47
2086.200 2086.600 2088.000 1 2 29 18176820.000 2722 09:45:48
2086.200 2086.000 2088.000 1 2 29 18176820.000 2722 09:45:48
2086.200 2086.400 2088.000 1 2 29 18176820.000 2722 09:45:49
2086.200 2086.600 2088.000 1 2 29 18176820.000 2722 09:45:49
2086.200 2086.600 2088.000 1 2 29 18176820.000 2722 09:45:50
2086.200 2086.000 2088.000 1 2 29 18176820.000 2722 09:45:50
2086.200 2086.400 2088.000 1 2 29 18176820.000 2722 09:45:51
2086.200 2086.600 2088.000 1 2 29 18176820.000 2722 09:45:51
2086.200 2086.600 2088.000 1 2 29 18176820.000 2722 09:45:52
2086.200 2086.000 2088.000 1 2 29 18176820.000 2722 09:45:52
2086.200 2086.400 2088.000 1 2 29 18176820.000 2722 09:45:53
2086.200 2086.600 2088.000 1 1 29 18176820.000 2722 09:45:53
2086.200 2086.600 2088.000 1 1 29 18176820.000 2722 09:45:54
2086.200 2086.000 2088.000 1 1 29 18176820.000 2722 09:45:54
2086.200 2086.400 2088.000 1 1 29 18176820.000 2722 09:45:55
2086.200 2086.600 2088.000 1 1 29 18176820.000 2722 09:45:55
2086.200 2086.600 2088.000 1 1 29 18176820.000 2722 09:45:56
2086.200 2086.000 2088.000 1 1 29 18176820.000 2722 09:45:56
2086.200 2086.400 2088.000 1 1 29 18176820.000 2722 09:45:57
2086.200 2086.600 2088.000 1 1 29 18176820.000 2722 09:45:57
2086.200 2086.600 2088.000 1 1 29 18176820.000 2722 09:45:58
2086.200 2086.400 2088.000 1 1 29 18176820.000 2722 09:46:06
2086.200 2086.600 2088.000 1 1 29 18176820.000 2722 09:46:07
2086.200 2086.400 2088.000 1 1 29 18176820.000 2722 09:46:09
2086.200 2085.800 2088.000 1 1 29 18176820.000 2722 09:46:09
2086.200 2086.200 2088.000 1 1 29 18176820.000 2722 09:46:10
2086.200 2086.400 2088.000 1 1 29 18176820.000 2722 09:46:10
2086.200 2086.400 2088.000 1 1 29 18176820.000 2722 09:46:11
2086.200 2087.000 2088.000 1 1 29 18176820.000 2722 09:46:11
2086.200 2087.000 2088.000 1 1 29 18176820.000 2722 09:46:12
2086.200 2085.800 2088.000 1 1 30 18802680.000 2722 09:46:13
2086.200 2086.000 2088.000 1 1 30 18802680.000 2722 09:46:13
2086.200 2086.200 2088.000 1 1 30 18802680.000 2722 09:46:24
2086.200 2086.400 2088.000 1 1 30 18802680.000 2722 09:46:25
2086.200 2086.400 2088.000 1 1 30 18802680.000 2722 09:46:25
2086.200 2086.200 2088.000 1 1 30 18802680.000 2722 09:46:32
2086.200 2087.800 2088.000 1 1 30 18802680.000 2722 09:46:46
2086.200 2086.400 2088.000 1 1 30 18802680.000 2722 09:46:46
2086.200 2086.600 2088.000 1 1 30 18802680.000 2722 09:46:53
2086.200 2086.600 2088.000 1 1 30 18802680.000 2722 09:47:03
2086.200 2086.800 2088.000 1 1 30 18802680.000 2722 09:47:05
2086.200 2087.800 2088.000 1 1 30 18802680.000 2722 09:47:07
2086.200 2087.800 2088.000 1 1 30 18802680.000 2722 09:47:07
2086.200 2087.000 2088.000 1 1 30 18802680.000 2722 09:47:08
2086.200 2086.600 2088.000 1 1 30 18802680.000 2722 09:47:10
2086.200 2085.800 2088.000 1 1 30 18802680.000 2722 09:47:15
2086.200 2086.000 2088.000 1 1 30 18802680.000 2722 09:47:15
2086.200 2086.200 2088.000 1 1 30 18802680.000 2722 09:47:20
2086.200 2086.400 2088.000 1 1 30 18802680.000 2722 09:47:20
2086.200 2086.600 2088.000 1 1 30 18802680.000 2722 09:47:21
2086.200 2086.600 2088.000 1 1 30 18802680.000 2722 09:47:23
2086.200 2086.800 2088.000 1 1 30 18802680.000 2722 09:47:24
2086.200 2086.800 2088.000 1 2 30 18802680.000 2722 09:47:26
2086.200 2086.800 2088.000 1 1 30 18802680.000 2722 09:47:27
2088.000 2086.800 2094.800 1 1 31 19429080.000 2721 09:47:33
2088.000 2087.800 2088.200 1 1 31 19429080.000 2721 09:47:34
2088.000 2087.800 2088.200 1 1 31 19429080.000 2721 09:47:34
2088.000 2086.800 2088.200 1 1 31 19429080.000 2721 09:47:35
2088.000 2086.800 2088.200 1 1 31 19429080.000 2721 09:47:35
2088.000 2086.800 2092.200 1 1 31 19429080.000 2721 09:47:36
2088.000 2086.800 2088.400 1 1 31 19429080.000 2721 09:47:37
2088.000 2086.800 2092.200 1 1 31 19429080.000 2721 09:47:37
2088.000 2082.400 2088.400 2 1 31 19429080.000 2721 09:47:38
2088.000 2085.600 2092.200 1 1 31 19429080.000 2721 09:47:38
2088.000 2085.800 2088.800 3 1 31 19429080.000 2721 09:47:39
2088.000 2086.000 2088.800 1 1 31 19429080.000 2721 09:47:39
2088.000 2086.000 2088.800 1 1 31 19429080.000 2721 09:47:40
2088.000 2086.200 2088.800 1 1 31 19429080.000 2721 09:47:43
2088.000 2086.400 2088.800 1 1 31 19429080.000 2721 09:47:44
2088.000 2086.600 2088.800 1 1 31 19429080.000 2721 09:47:44
2088.000 2086.600 2088.800 1 1 31 19429080.000 2721 09:47:45
2088.000 2086.600 2088.600 1 1 31 19429080.000 2721 09:47:48
2088.000 2087.800 2088.600 1 1 31 19429080.000 2721 09:47:51
2088.000 2086.200 2088.600 1 1 31 19429080.000 2721 09:47:54
2088.000 2086.400 2088.600 1 1 31 19429080.000 2721 09:47:54
2088.000 2086.600 2088.600 1 1 31 19429080.000 2721 09:47:55
2088.000 2086.200 2088.600 1 1 31 19429080.000 2721 09:47:56
2088.000 2086.400 2088.600 1 1 31 19429080.000 2721 09:47:57
2088.000 2086.600 2088.600 1 1 31 19429080.000 2721 09:47:58
2088.000 2086.600 2088.600 1 1 31 19429080.000 2721 09:48:03
2088.000 2086.600 2088.600 1 1 31 19429080.000 2721 09:48:13
2088.000 2086.600 2088.600 1 1 31 19429080.000 2721 09:48:13
2088.000 2086.600 2087.000 1 1 31 19429080.000 2721 09:48:17
2088.000 2086.600 2087.000 1 1 31 19429080.000 2721 09:48:18
2088.000 2086.600 2087.000 1 1 31 19429080.000 2721 09:48:19
2087.000 2086.600 2088.600 1 1 32 20055180.000 2720 09:48:20
2087.000 2086.600 2088.400 1 1 32 20055180.000 2720 09:48:31
2087.000 2086.600 2088.400 1 1 32 20055180.000 2720 09:48:32
2087.000 2086.600 2088.400 1 1 32 20055180.000 2720 09:48:32
2087.000 2086.600 2088.200 1 1 32 20055180.000 2720 09:48:33
2087.000 2086.600 2088.200 1 1 32 20055180.000 2720 09:48:33
2088.200 2087.800 2088.400 1 1 33 20681640.000 2719 09:48:35
2087.800 2082.400 2090.000 2 1 34 21307980.000 2718 09:48:36
2087.800 2083.400 2088.600 1 1 34 21307980.000 2718 09:48:36
2083.600 2083.400 2088.400 1 1 35 21933060.000 2718 09:48:37
2083.600 2083.600 2088.600 2 1 35 21933060.000 2718 09:48:37
2083.600 2084.400 2088.200 1 1 35 21933060.000 2718 09:48:38
2083.600 2084.600 2088.000 2 1 35 21933060.000 2718 09:48:38
2083.600 2084.600 2088.000 2 1 35 21933060.000 2718 09:48:39
2083.600 2084.600 2088.000 2 1 35 21933060.000 2718 09:48:40
2083.600 2084.600 2087.600 2 1 35 21933060.000 2718 09:48:41
2083.600 2084.600 2087.400 2 1 35 21933060.000 2718 09:48:41
2083.600 2084.600 2087.200 2 1 35 21933060.000 2718 09:48:42
2083.600 2084.600 2087.000 2 1 35 21933060.000 2718 09:48:43
2083.600 2084.600 2087.000 2 1 35 21933060.000 2718 09:48:43
2083.600 2084.600 2087.800 2 1 35 21933060.000 2718 09:48:44
2083.600 2084.600 2087.200 2 1 35 21933060.000 2718 09:48:44
2083.600 2084.600 2087.000 2 1 35 21933060.000 2718 09:48:45
2083.600 2084.600 2087.000 2 1 35 21933060.000 2718 09:48:45
2083.600 2084.600 2087.800 2 1 35 21933060.000 2718 09:48:46
2083.600 2084.600 2087.200 2 1 35 21933060.000 2718 09:48:46
2083.600 2084.600 2087.000 2 1 35 21933060.000 2718 09:48:47
2083.600 2084.600 2087.000 2 1 35 21933060.000 2718 09:48:47
2083.600 2084.600 2087.800 2 1 35 21933060.000 2718 09:48:48
2083.600 2084.600 2087.200 2 1 35 21933060.000 2718 09:48:48
2083.600 2084.600 2087.000 2 1 35 21933060.000 2718 09:48:49
2083.600 2084.600 2086.600 2 1 35 21933060.000 2718 09:48:49
2083.600 2084.600 2086.400 2 1 35 21933060.000 2718 09:48:50
2083.600 2084.600 2086.400 2 1 35 21933060.000 2718 09:48:51
2083.600 2084.800 2086.400 1 1 35 21933060.000 2718 09:48:58
2086.400 2084.800 2086.600 1 1 36 22558980.000 2719 09:49:01
2086.400 2084.800 2086.600 1 1 36 22558980.000 2719 09:49:08
2086.600 2084.800 2087.800 1 1 37 23184960.000 2719 09:49:10
2086.600 2085.000 2087.800 2 1 37 23184960.000 2719 09:49:10
2086.600 2085.200 2088.600 1 1 37 23184960.000 2719 09:49:11
2086.600 2085.200 2087.600 1 1 37 23184960.000 2719 09:49:12
2086.600 2085.200 2087.600 1 1 37 23184960.000 2719 09:49:13
2086.600 2085.400 2087.600 1 1 37 23184960.000 2719 09:49:15
2086.600 2085.400 2087.600 1 1 37 23184960.000 2719 09:49:16
2086.600 2085.400 2087.600 1 1 37 23184960.000 2719 09:49:22
2086.600 2085.400 2090.000 1 1 37 23184960.000 2719 09:49:23
2086.600 2085.400 2088.000 1 1 37 23184960.000 2719 09:49:24
2086.600 2085.400 2088.000 1 1 37 23184960.000 2719 09:49:24
2086.600 2085.400 2088.000 1 2 37 23184960.000 2719 09:49:30
2086.600 2085.400 2088.000 1 2 37 23184960.000 2719 09:49:35
2086.600 2085.400 2088.000 1 1 37 23184960.000 2719 09:49:40
2086.600 2085.400 2088.000 2 1 37 23184960.000 2719 09:49:42
2086.600 2085.400 2088.000 1 1 37 23184960.000 2719 09:49:45
2086.600 2085.400 2087.200 1 1 37 23184960.000 2719 09:49:49
2086.600 2085.400 2088.000 1 1 37 23184960.000 2719 09:49:49
2086.600 2085.400 2087.800 1 1 37 23184960.000 2719 09:49:52
2086.600 2085.400 2087.800 1 1 37 23184960.000 2719 09:50:02
2086.600 2085.400 2087.800 1 1 37 23184960.000 2719 09:50:03
2086.600 2085.400 2087.800 1 1 37 23184960.000 2719 09:50:07
2087.800 2085.400 2088.000 1 1 38 23811300.000 2719 09:50:12
2087.800 2085.400 2087.800 1 1 38 23811300.000 2719 09:50:13
2087.800 2085.400 2088.000 1 1 38 23811300.000 2719 09:50:17
2087.800 2085.400 2088.000 1 1 38 23811300.000 2719 09:50:18
2087.800 2085.400 2087.800 1 1 38 23811300.000 2719 09:50:21
2087.800 2085.400 2087.800 1 1 38 23811300.000 2719 09:50:37
2087.800 2085.400 2087.800 1 1 38 23811300.000 2719 09:50:43
2087.800 2085.400 2087.600 1 1 38 23811300.000 2719 09:50:53
2087.800 2085.400 2087.600 1 1 38 23811300.000 2719 09:50:58
2087.800 2085.400 2087.600 1 1 38 23811300.000 2719 09:50:59
2087.800 2085.400 2087.600 1 1 38 23811300.000 2719 09:51:04
2087.800 2085.400 2087.600 1 1 38 23811300.000 2719 09:51:29
2087.800 2085.400 2087.600 2 1 38 23811300.000 2719 09:51:34
2087.800 2085.400 2088.000 2 1 38 23811300.000 2719 09:51:36
2087.800 2085.400 2087.800 2 1 38 23811300.000 2719 09:51:38
2087.800 2085.600 2087.800 1 1 38 23811300.000 2719 09:51:39
2087.800 2085.400 2087.800 2 1 38 23811300.000 2719 09:51:42
2087.800 2085.400 2088.000 2 1 38 23811300.000 2719 09:51:43
2087.800 2085.400 2092.000 2 1 38 23811300.000 2719 09:51:48
2087.800 2085.600 2088.400 2 1 38 23811300.000 2719 09:51:48
2087.800 2085.600 2088.400 1 1 38 23811300.000 2719 09:51:49
2087.800 2085.800 2088.400 1 1 38 23811300.000 2719 09:51:49
2087.800 2085.800 2088.400 1 1 38 23811300.000 2719 09:52:01
2087.800 2082.400 2088.200 2 2 38 23811300.000 2719 09:52:03
2087.800 2083.200 2088.000 1 1 38 23811300.000 2719 09:52:04
2087.800 2084.000 2087.800 1 2 38 23811300.000 2719 09:52:04
2087.800 2083.200 2087.600 1 1 38 23811300.000 2719 09:52:05
2087.800 2083.600 2087.600 1 1 38 23811300.000 2719 09:52:06
2087.800 2083.600 2087.400 1 2 38 23811300.000 2719 09:52:07
2087.800 2083.600 2087.400 1 2 38 23811300.000 2719 09:52:08
2087.800 2083.600 2087.000 1 1 38 23811300.000 2719 09:52:08
2087.800 2083.600 2086.800 1 2 38 23811300.000 2719 09:52:09
2087.800 2083.600 2086.800 1 2 38 23811300.000 2719 09:52:09
2087.800 2083.800 2086.800 1 2 38 23811300.000 2719 09:52:11
2087.800 2084.000 2086.800 1 2 38 23811300.000 2719 09:52:13
2087.800 2083.800 2086.800 1 2 38 23811300.000 2719 09:52:13
2087.800 2083.800 2086.600 1 1 38 23811300.000 2719 09:52:15
2087.800 2083.800 2086.400 1 1 38 23811300.000 2719 09:52:19
2087.800 2083.800 2086.400 1 1 38 23811300.000 2719 09:52:19
2087.800 2083.800 2086.200 1 1 38 23811300.000 2719 09:52:20
2087.800 2083.800 2086.000 1 1 38 23811300.000 2719 09:52:21
2087.800 2083.800 2086.000 1 1 38 23811300.000 2719 09:52:21
2087.800 2083.800 2085.800 1 1 38 23811300.000 2719 09:52:24
2087.800 2083.800 2086.000 1 1 38 23811300.000 2719 09:52:24
2087.800 2084.000 2086.000 1 1 38 23811300.000 2719 09:52:27
2087.800 2084.000 2085.800 1 1 38 23811300.000 2719 09:52:29
2087.800 2084.000 2086.000 1 1 38 23811300.000 2719 09:52:30
2087.800 2084.000 2085.800 1 1 38 23811300.000 2719 09:52:31
2087.800 2084.200 2085.800 1 1 38 23811300.000 2719 09:52:32
2087.800 2084.200 2085.800 1 1 38 23811300.000 2719 09:52:36
2087.800 2083.200 2086.000 1 1 38 23811300.000 2719 09:52:46
2087.800 2083.200 2085.800 1 1 38 23811300.000 2719 09:52:46
2087.800 2083.200 2086.000 1 1 38 23811300.000 2719 09:52:47
2087.800 2083.200 2085.800 1 1 38 23811300.000 2719 09:52:47
2087.800 2083.200 2086.000 1 1 38 23811300.000 2719 09:52:49
2087.800 2083.400 2086.000 1 1 38 23811300.000 2719 09:52:51
2087.800 2083.400 2085.800 1 1 38 23811300.000 2719 09:52:53
2087.800 2083.400 2086.000 1 1 38 23811300.000 2719 09:53:00
2087.800 2083.400 2085.600 1 1 38 23811300.000 2719 09:53:00
2087.800 2083.400 2085.400 1 1 38 23811300.000 2719 09:53:01
2087.800 2083.400 2085.400 1 1 38 23811300.000 2719 09:53:02
2087.800 2083.400 2085.800 1 1 38 23811300.000 2719 09:53:02
2087.800 2083.400 2085.600 1 1 38 23811300.000 2719 09:53:03
2087.800 2083.400 2085.400 1 1 38 23811300.000 2719 09:53:03
2087.800 2083.400 2085.400 1 1 38 23811300.000 2719 09:53:04
2087.800 2083.400 2085.800 1 1 38 23811300.000 2719 09:53:04
2087.800 2083.400 2085.600 1 2 38 23811300.000 2719 09:53:05
2087.800 2083.400 2085.400 1 1 38 23811300.000 2719 09:53:05
2087.800 2083.400 2085.400 1 1 38 23811300.000 2719 09:53:06
2087.800 2083.600 2085.400 1 1 38 23811300.000 2719 09:53:16
2087.800 2083.600 2085.400 1 1 38 23811300.000 2719 09:53:17
2085.400 2083.600 2085.600 1 1 39 24436920.000 2719 09:53:18
2085.400 2083.600 2085.400 1 1 39 24436920.000 2719 09:53:19
2085.400 2083.600 2085.400 1 1 39 24436920.000 2719 09:53:20
2085.400 2083.600 2085.600 1 1 39 24436920.000 2719 09:53:24
2085.400 2083.800 2085.600 1 1 39 24436920.000 2719 09:53:27
2085.400 2084.200 2085.600 1 1 39 24436920.000 2719 09:53:48
2085.400 2084.400 2085.600 1 1 39 24436920.000 2719 09:53:54
2085.400 2084.400 2086.800 1 1 39 24436920.000 2719 09:54:10
2085.400 2084.600 2086.000 1 1 39 24436920.000 2719 09:54:10
2085.400 2084.600 2086.800 1 1 39 24436920.000 2719 09:54:21
2085.400 2084.600 2086.200 1 1 39 24436920.000 2719 09:54:21
2085.400 2084.600 2086.800 1 1 39 24436920.000 2719 09:54:22
2085.400 2084.600 2086.400 1 1 39 24436920.000 2719 09:54:23
2085.400 2084.800 2086.400 1 1 39 24436920.000 2719 09:54:24
2085.400 2085.000 2086.400 1 1 39 24436920.000 2719 09:54:29
2085.400 2085.000 2086.400 1 1 39 24436920.000 2719 09:54:34
2085.400 2085.200 2086.400 1 1 39 24436920.000 2719 09:54:41
2085.400 2085.400 2086.400 1 1 39 24436920.000 2719 09:54:42
2085.400 2085.400 2086.400 1 1 39 24436920.000 2719 09:54:42
2085.400 2085.400 2086.400 1 1 39 24436920.000 2719 09:54:49
2085.400 2085.400 2086.400 1 1 39 24436920.000 2719 09:54:52
2085.400 2085.400 2086.400 1 1 39 24436920.000 2719 09:54:53
2085.400 2085.400 2086.400 1 1 39 24436920.000 2719 09:54:53
2085.400 2085.400 2086.400 1 1 39 24436920.000 2719 09:54:55
2085.400 2085.200 2086.400 1 1 40 25062540.000 2718 09:55:00
2085.400 2085.200 2098.600 1 1 40 25062540.000 2718 09:55:00
2085.400 2085.400 2087.600 4 1 40 25062540.000 2718 09:55:01
2085.400 2085.400 2087.600 2 1 40 25062540.000 2718 09:55:01
2085.400 2085.600 2087.600 1 1 40 25062540.000 2718 09:55:03
2085.400 2085.600 2088.600 1 1 40 25062540.000 2718 09:55:05
2085.400 2085.600 2088.200 1 1 40 25062540.000 2718 09:55:06
2085.400 2085.600 2088.000 1 1 40 25062540.000 2718 09:55:10
2085.400 2085.800 2088.000 1 1 40 25062540.000 2718 09:55:11
2085.400 2086.000 2087.600 1 1 40 25062540.000 2718 09:55:11
2085.400 2086.000 2087.600 1 1 40 25062540.000 2718 09:55:12
2085.400 2086.000 2087.400 1 1 40 25062540.000 2718 09:55:19
2085.400 2086.000 2087.400 1 1 40 25062540.000 2718 09:55:19
2085.400 2085.800 2087.400 1 1 40 25062540.000 2718 09:55:23
2085.400 2085.800 2087.400 1 1 40 25062540.000 2718 09:55:31
2085.400 2085.800 2087.400 1 1 40 25062540.000 2718 09:55:38
2085.400 2085.800 2087.400 1 1 40 25062540.000 2718 09:55:43
2085.400 2086.000 2087.400 1 1 40 25062540.000 2718 09:55:44
2085.400 2085.800 2087.400 1 1 40 25062540.000 2718 09:55:45
2085.400 2085.800 2087.400 1 1 40 25062540.000 2718 09:55:47
2085.400 2085.800 2087.400 1 1 40 25062540.000 2718 09:55:59
2085.400 2085.800 2087.400 1 1 40 25062540.000 2718 09:55:59
2085.400 2085.800 2087.400 1 1 40 25062540.000 2718 09:56:08
2085.400 2085.800 2087.400 1 2 40 25062540.000 2718 09:56:09
2085.400 2085.800 2087.400 1 1 40 25062540.000 2718 09:56:10
2085.400 2085.800 2087.400 1 1 40 25062540.000 2718 09:56:27
2085.400 2086.000 2087.400 1 1 40 25062540.000 2718 09:56:42
2085.400 2086.000 2087.400 1 1 40 25062540.000 2718 09:56:56
2085.400 2086.000 2087.400 1 1 40 25062540.000 2718 09:57:17
2087.400 2087.400 2088.000 2 2 41 25688760.000 2718 09:57:42
2087.400 2086.000 2088.000 1 2 43 26941200.000 2716 09:57:43
2087.400 2086.000 2088.000 1 2 43 26941200.000 2716 09:57:45
2087.400 2086.000 2087.600 1 1 43 26941200.000 2716 09:58:09
2087.400 2086.000 2088.000 1 2 43 26941200.000 2716 09:58:09
2087.400 2085.800 2088.000 1 2 43 26941200.000 2716 09:58:10
2087.400 2085.800 2087.400 1 1 43 26941200.000 2716 09:58:14
2087.400 2085.800 2088.000 1 2 43 26941200.000 2716 09:58:15
2087.400 2085.800 2087.800 1 1 43 26941200.000 2716 09:58:15
2087.400 2085.800 2087.400 1 1 43 26941200.000 2716 09:58:31
2087.400 2085.800 2087.400 1 1 43 26941200.000 2716 09:58:32
2087.400 2085.800 2087.200 1 1 43 26941200.000 2716 09:58:36
2087.400 2085.800 2087.200 1 1 43 26941200.000 2716 09:58:42
2087.400 2085.800 2087.800 1 1 43 26941200.000 2716 09:58:43
2087.400 2085.800 2087.600 1 1 43 26941200.000 2716 09:58:44
2087.400 2085.800 2087.400 1 1 43 26941200.000 2716 09:58:45
2087.400 2085.800 2087.400 1 1 43 26941200.000 2716 09:58:45
2087.400 2085.800 2087.800 1 1 43 26941200.000 2716 09:58:46
2087.400 2085.800 2087.400 1 1 43 26941200.000 2716 09:58:46
2087.400 2083.600 2087.200 1 3 43 26941200.000 2716 09:58:47
2087.400 2083.600 2087.200 1 3 43 26941200.000 2716 09:58:47
2087.400 2083.800 2087.200 1 3 43 26941200.000 2716 09:58:49
2087.400 2083.800 2087.000 1 1 43 26941200.000 2716 09:58:51
2087.400 2083.800 2086.800 1 1 43 26941200.000 2716 09:58:52
2087.400 2083.600 2086.600 1 2 43 26941200.000 2716 09:58:52
2087.400 2083.600 2086.400 1 1 43 26941200.000 2716 09:58:53
2087.400 2083.600 2086.400 1 1 43 26941200.000 2716 09:58:53
2087.400 2083.600 2086.200 1 1 43 26941200.000 2716 09:58:56
2087.400 2083.600 2086.000 1 1 43 26941200.000 2716 09:58:57
2087.400 2083.600 2086.000 1 1 43 26941200.000 2716 09:58:57
2087.400 2083.600 2086.000 1 1 43 26941200.000 2716 09:58:58
2087.400 2083.600 2086.000 1 1 43 26941200.000 2716 09:59:01
2087.400 2083.600 2085.800 1 1 43 26941200.000 2716 09:59:01
2087.400 2083.600 2085.600 1 1 43 26941200.000 2716 09:59:02
2087.400 2083.600 2085.600 1 1 43 26941200.000 2716 09:59:02
2087.400 2083.600 2085.600 1 1 43 26941200.000 2716 09:59:05
2087.400 2083.600 2085.600 1 2 43 26941200.000 2716 09:59:11
2087.400 2083.600 2085.600 1 1 43 26941200.000 2716 09:59:12
2087.400 2083.600 2085.600 1 2 43 26941200.000 2716 09:59:16
2087.400 2083.600 2085.600 1 1 43 26941200.000 2716 09:59:17
2087.400 2083.600 2085.600 1 2 43 26941200.000 2716 09:59:27
2087.400 2083.800 2085.600 1 2 43 26941200.000 2716 09:59:49
2087.400 2083.600 2085.600 1 2 43 26941200.000 2716 10:00:34
2087.400 2083.600 2085.200 1 1 43 26941200.000 2716 10:00:35
2087.400 2083.600 2085.200 1 1 43 26941200.000 2716 10:00:36
2087.400 2083.600 2085.200 1 1 43 26941200.000 2716 10:01:09
2085.200 2083.600 2085.000 1 1 44 27566760.000 2715 10:01:17
2085.200 2083.600 2085.200 1 1 44 27566760.000 2715 10:01:18
2085.200 2083.600 2085.200 1 2 44 27566760.000 2715 10:01:18
2085.200 2083.600 2085.200 1 1 44 27566760.000 2715 10:01:26
2085.200 2083.600 2085.200 1 1 44 27566760.000 2715 10:01:36
